131072 265363 47395 8238
262144 511904 60852 16464
32768 40138 38831 2373
262144 472499 63412 15509
262144 518124 58928 15606
32768 37230 39256 2290
131072 168732 46049 6541
262144 373100 54686 12360
65536 74449 38581 3540
262144 414170 54615 13977
262144 423993 51454 13322
262144 455241 56759 13502
262144 458198 65496 12451
262144 424900 59888 13447
262144 417021 51217 12244
262144 450059 50685 12741
262144 411249 47048 12141
262144 458184 38630 10841
131072 178963 35183 6086
131072 158620 34932 5533
262144 389720 42665 10616
262144 396586 41026 12192
16384 13625 32668 1393
131072 221305 65018 8104
65536 85189 68699 4492
65536 120111 44539 4643
262144 396961 57999 15394
262144 426779 47139 15601
65536 84466 33487 4242
262144 388562 43697 13678
262144 481379 136355 17765
262144 456742 47530 17348
262144 421588 147680 18313
262144 424954 61314 14828
262144 434252 70541 16555
262144 424651 79767 17028
65536 79116 34372 4006
262144 465999 83586 15271
131072 186056 42159 8598
131072 156864 50179 7400
262144 393704 121076 16359
262144 376272 43698 15839
131072 178963 40528 8402
262144 360787 44697 15217
131072 181031 44269 8290
262144 390187 45861 16387
262144 358261 52068 15067
262144 407684 43719 15316
65536 82426 34809 4156
131072 172976 37492 6871
262144 368007 41441 13107
65536 80067 31314 3762
262144 350697 91111 13491
262144 544523 85150 18072
262144 476376 83414 17472
262144 589944 100213 19359
262144 515496 51344 18249
262144 403538 84389 16099
262144 405840 54119 16876
262144 455025 59239 16738
262144 431760 50478 14640
262144 602245 109310 17143
262144 515377 96052 17405
131072 211787 41327 8517
262144 388971 172832 16259
262144 534816 96531 16129
65536 123738 46852 4958
32768 38342 33081 2680
131072 253035 97374 8472
65536 78785 35799 4356
131072 283616 65443 8169
32768 51238 55309 2515
262144 459194 131212 15364
262144 969120 155196 15016
262144 433657 61681 17574
32768 37891 47404 2430
262144 404765 86885 16400
131072 227049 54282 8673
262144 584765 104997 18188
262144 636175 73550 17253
131072 173687 58762 7903
65536 102100 99130 4188
65536 87103 44346 4577
131072 195230 60988 8146
16384 14899 36865 1820
262144 441935 65547 16809
262144 607686 62299 16733
32768 34089 41722 2490
262144 596001 47941 16552
131072 169465 58033 8286
262144 431900 57283 17707
131072 193971 40901 8656
16384 19297 40156 1836
262144 373027 57807 14958
32768 30797 39338 2534
131072 153781 41907 7402
131072 185650 49746 8277
262144 605579 139621 17842
32768 32035 31785 2469
262144 483885 47999 16352
